651
699
848
990
1041
1061
1442
1419
1939
1317
1367
1376
1552
1937
1666
1771
1785
1825
2294
2271

jDid	job	  doc

458	    181	  52
550	    233	  52
652	    333	  52
651	    333	  53	1
699	    353	  53		52
849	    392	  52	
848	    392	  53	1
991	    427	  52
990	    427	  53	1
1041	447	  53		52
1062	451	  52	
1061	451	  53	1
1959	452	  52
1442	452	  53	1
1419	484	  53		52
1939	488	  53		52
1317	489	  53		52
1368	504	  52
1367	504	  53	1
1377	505	  52
1376	505	  53	1
1553	568	  52
1552	568	  53	1
1937	591	  53		52
1667	609	  52
1666	609	  53	1
1771	622	  53		52
1786	624	  52
1785	624	  53	1
1826	630	  52
1825	630	  53	1	
2023	650	  52
2294	693	  53		52
2189	739	  52
2271	739	  53	1

set 52 : 
699
1041
1317
1419
1771
1937
1939
2294

set isDeleted = 1 :
651
848
990
1061
1442
1367
1376
1552
1666
1785
1825
2271